version https://git-lfs.github.com/spec/v1
oid sha256:a66c1dd13ab94180e1c271374e42d83b07f8f6d0015f6c1fdd80399f31bef097
size 16789137
